# ncomps =   19
 0001  0.1727132792948110E-022  0.2489706594982156E-066  0.1296399518206592E-001  0.4896547306256822E-002  0.5392558931513559E-018  0.4158744735216542E+000  0.5794252993699055E-001  0.6439198642526955E-001  0.1595362976915735E+000  0.8368805588336449E-001  0.2607267295920230E-001  0.2845367365078456E-001  0.3652104324742002E-003  0.2177957655942875E-002  0.2451460736156754E-005  0.2389926929032086E-001  0.6698952395655867E-001  0.2706273143228685E-001  0.2568262321451847E-001
 0002  0.1668427868045469E-022  0.2405081927275765E-066  0.1252335933091720E-001  0.5492380179834663E-002  0.5209266925388992E-018  0.4239128055684711E+000  0.6169832494009662E-001  0.6565524121581906E-001  0.1554969287812934E+000  0.8087372121042440E-001  0.2518895172411612E-001  0.2748815423133208E-001  0.3527970788395844E-003  0.2103929279477109E-002  0.2368136038133846E-005  0.2308693753758904E-001  0.6471434649283131E-001  0.2617211487256855E-001  0.2523763942035158E-001
 0003  0.1603122820081436E-022  0.2310943012116709E-066  0.1203355337045452E-001  0.6275280875011120E-002  0.5005367613589013E-018  0.4328208584071167E+000  0.6598738230520414E-001  0.6698688552831053E-001  0.1509283479190911E+000  0.7774153994149148E-001  0.2420584235587014E-001  0.2641407464455838E-001  0.3389881020801798E-003  0.2021577982715646E-002  0.2275443246004414E-005  0.2218327631729257E-001  0.6218337611755713E-001  0.2518140858522674E-001  0.2469533210477361E-001
 0004  0.1534454431381080E-022  0.2216309460122867E-066  0.1152448276207899E-001  0.7342463810306390E-002  0.4790967076821916E-018  0.4421694225591516E+000  0.7052326578366028E-001  0.6826834339616654E-001  0.1460352970530482E+000  0.7444644096023012E-001  0.2317206374433686E-001  0.2528466928333168E-001  0.3244679296642418E-003  0.1934985428995800E-002  0.2177976589473195E-005  0.2123307473466720E-001  0.5952205825302252E-001  0.2413972078568437E-001  0.2407706553906549E-001
 0005  0.1464047230866530E-022  0.2241622041933949E-066  0.1104659086391838E-001  0.8848591021774011E-002  0.4631107404879434E-010  0.4516919247461721E+000  0.7509217311659368E-001  0.6941819433355134E-001  0.1409190574432694E+000  0.7106621358459249E-001  0.2211206771461262E-001  0.2412665658035677E-001  0.3095800731512536E-003  0.1846200189848014E-002  0.2078041895186434E-005  0.2025881227353329E-001  0.5679335331319020E-001  0.2307169587275218E-001  0.2339681078447797E-001
 0006  0.1390102098246180E-022  0.2726026041600672E-066  0.1075319262659189E-001  0.1106991770109268E-001  0.4016127421382741E-008  0.4614293574380416E+000  0.7969299714012790E-001  0.7040514856001251E-001  0.1354296506297994E+000  0.6751423933243768E-001  0.2099876124047750E-001  0.2291044471653984E-001  0.2939441008629339E-003  0.1752953528949125E-002  0.1973085523916432E-005  0.1923559352737983E-001  0.5392753463913055E-001  0.2195004508418242E-001  0.2263424263272273E-001
 0007  0.1314850958004259E-022  0.3903615391202170E-066  0.1106551689986946E-001  0.1406712681801129E-001  0.4029475095255017E-007  0.4707297924961476E+000  0.8407269690637691E-001  0.7114694426237202E-001  0.1297183930400677E+000  0.6389756714445061E-001  0.1986574286556850E-001  0.2167274258692674E-001  0.2780319604588833E-003  0.1658059957367143E-002  0.1866275426837089E-005  0.1819430282451208E-001  0.5101110273300069E-001  0.2080862458230481E-001  0.2181144835238791E-001
 0008  0.1241183001086244E-022  0.5755938681470457E-066  0.1247969690802656E-001  0.1769009668615282E-001  0.1774531582392044E-006  0.4788667483599683E+000  0.8798518389512471E-001  0.7158934751850198E-001  0.1240017217625619E+000  0.6035506686512383E-001  0.1875651312733544E-001  0.2046107067707089E-001  0.2624545821614830E-003  0.1565162816543468E-002  0.1761712468155450E-005  0.1717491945424154E-001  0.4815603086134179E-001  0.1969125562107620E-001  0.2096279169914258E-001
 0009  0.1167223747072411E-022  0.8274054672921379E-066  0.1558192393923104E-001  0.2195273260875883E-001  0.5379530771017412E-006  0.4856697868932999E+000  0.9146089767930193E-001  0.7171962881871756E-001  0.1181307882406460E+000  0.5679659376663754E-001  0.1764284682977097E-001  0.1924459807436310E-001  0.2468155995764938E-003  0.1471898339587183E-002  0.1656736044338885E-005  0.1615150521598331E-001  0.4528967164354222E-001  0.1856950507242868E-001  0.2006861258903366E-001
 0010  0.1094206084123954E-022  0.1132613323874060E-065  0.2091862901924251E-001  0.2669242889841680E-001  0.1293622184917790E-005  0.4906233307715425E+000  0.9437049729387771E-001  0.7150754558315492E-001  0.1121976144242770E+000  0.5328141923481639E-001  0.1654330674635855E-001  0.1804360302148682E-001  0.2313757116093508E-003  0.1379821229621302E-002  0.1553096094685529E-005  0.1514112025265986E-001  0.4245980676411489E-001  0.1746207166173476E-001  0.1914458266880703E-001
 0011  0.1024213877070554E-022  0.1466501411532966E-065  0.2869280125974437E-001  0.3162708857421882E-001  0.2609967252548501E-005  0.4933754227283912E+000  0.9661578035193194E-001  0.7096500030547213E-001  0.1063784613745735E+000  0.4990999666026193E-001  0.1548927580312665E-001  0.1689236164838999E-001  0.2165755606833224E-003  0.1291559293249897E-002  0.1453750419910097E-005  0.1417260013758687E-001  0.3974719806574563E-001  0.1640055700109821E-001  0.1822125751785295E-001
 0012  0.9543192631867961E-023  0.1827822915905713E-065  0.3943500137128640E-001  0.3682796437774501E-001  0.4728826742028803E-005  0.4939357795220136E+000  0.9829682085137202E-001  0.7008445935228869E-001  0.1004392136466427E+000  0.4654145350732385E-001  0.1443666630318291E-001  0.1574271687557072E-001  0.2017960384174463E-003  0.1203420422482866E-002  0.1354543265254972E-005  0.1320543045395511E-001  0.3703837348238455E-001  0.1534055288817743E-001  0.1726426753714945E-001
 0013  0.8879814284299651E-023  0.2186230519843899E-065  0.5289303608536111E-001  0.4193007746405646E-001  0.7789558438436841E-005  0.4921121864856425E+000  0.9931671137151972E-001  0.6891026398817549E-001  0.9467689185056533E-001  0.4334256795946567E-001  0.1343757477275476E-001  0.1465156663966163E-001  0.1877686051318559E-003  0.1119766738599105E-002  0.1260384537499504E-005  0.1228747784004243E-001  0.3446739657820729E-001  0.1433451858233440E-001  0.1632314509550627E-001
 0014  0.8251575603650358E-023  0.2529648718497033E-065  0.6900322990322873E-001  0.4682826969237091E-001  0.1195870591198200E-004  0.4879888418628509E+000  0.9971950729207689E-001  0.6747423077244975E-001  0.8910204925285344E-001  0.4031149245321745E-001  0.1249136193277863E-001  0.1361820780239370E-001  0.1744842089024219E-003  0.1040544254654121E-002  0.1171213470109015E-005  0.1141814988343352E-001  0.3203260788486073E-001  0.1338180063633690E-001  0.1540209224820990E-001
 0015  0.7638937054333759E-023  0.2858774772472454E-065  0.8825664568025669E-001  0.5158746092993306E-001  0.1757920757741900E-004  0.4814731184804511E+000  0.9954483435742384E-001  0.6575309732773761E-001  0.8355090971134305E-001  0.3735410175537490E-001  0.1156860230781459E-001  0.1261050146671104E-001  0.1615296779117920E-003  0.9632889863750428E-003  0.1084256657121847E-005  0.1057040867364860E-001  0.2965828022469368E-001  0.1245276463608018E-001  0.1447579232001038E-001
 0016  0.7051580066147134E-023  0.3160087222966608E-065  0.1103826122125163E+000  0.5605950676929410E-001  0.2482096553744838E-004  0.4726688913535708E+000  0.9881114790216669E-001  0.6378772336230758E-001  0.7811760137067419E-001  0.3451723095612655E-001  0.1068388061565002E-001  0.1164437274780943E-001  0.1491097310144279E-003  0.8892217869281301E-003  0.1000888263714294E-005  0.9757650934980853E-002  0.2738193461015308E-001  0.1156208997337880E-001  0.1356120381962789E-001
 0017  0.6501751711892040E-023  0.3421150875351088E-065  0.1347258804388821E+000  0.6009442328220055E-001  0.3370079436406186E-004  0.4619163884954311E+000  0.9758134550646316E-001  0.6164959696156100E-001  0.7292744746167704E-001  0.3186020652285800E-001  0.9855648886614086E-002  0.1073996738043098E-001  0.1374833392423463E-003  0.8198870434706929E-003  0.9228466177223942E-006  0.8996823610310452E-002  0.2525103530526477E-001  0.1072834520018790E-001  0.1268089692442403E-001
 0018  0.5986602713289382E-023  0.3640942270303415E-065  0.1609189892797256E+000  0.6368628530298330E-001  0.4423325757828723E-004  0.4495182407477007E+000  0.9593632760481775E-001  0.5937864300498367E-001  0.6797229564889500E-001  0.2936952160846424E-001  0.9079622134120538E-002  0.9892599857087394E-002  0.1265902543305911E-003  0.7549254550266271E-003  0.8497272979255005E-006  0.8283984000692182E-002  0.2325453947573200E-001  0.9947205536098005E-002  0.1183514710446629E-001
 0019  0.5508820260623472E-023  0.3815944902804971E-065  0.1885518172932035E+000  0.6679052668143409E-001  0.5647168126388427E-004  0.4357422257573707E+000  0.9393590421580530E-001  0.5701713990754913E-001  0.6328930121706167E-001  0.2705832754299505E-001  0.8359852613262117E-002  0.9106691081290398E-002  0.1164872989610026E-003  0.6946758832427931E-003  0.7819117194423209E-006  0.7622850518784744E-002  0.2140286136131435E-001  0.9222743077269405E-002  0.1103134195747246E-001
 0020  0.5057733791516302E-023  0.3950879805885939E-065  0.2177474197269660E+000  0.6947541936368905E-001  0.7066626020115335E-004  0.4206313262263974E+000  0.9161490970826540E-001  0.5455725039640535E-001  0.5878986930347042E-001  0.2487522714597428E-001  0.7680271286737824E-002  0.8364689972019251E-002  0.1069488395485187E-003  0.6377927433470701E-003  0.7178853219464990E-006  0.6998657729204228E-002  0.1965464627229799E-001  0.8538774646748463E-002  0.1025541249340573E-001
 0021  0.4629649890586175E-023  0.4046097847025785E-065  0.2485205479636934E+000  0.7174921040258880E-001  0.8716255204033886E-004  0.4042269154010180E+000  0.8899364935245740E-001  0.5200170971282149E-001  0.5444546747157132E-001  0.2280246104567949E-001  0.7035316965046141E-002  0.7660521697980671E-002  0.9789677739045881E-004  0.5838102864386905E-003  0.6571238688185937E-006  0.6406294853729714E-002  0.1799558002683089E-001  0.7889698209217162E-002  0.9503100157627143E-002
 0022  0.4231189717342307E-023  0.4101341632436328E-065  0.2800543686498053E+000  0.7357933709040071E-001  0.1059587902072002E-003  0.3870243955668045E+000  0.8616591038079928E-001  0.4941996016139572E-001  0.5033382089342020E-001  0.2087223248715879E-001  0.6434969042192419E-002  0.7005078275358950E-002  0.8947112104298173E-004  0.5335634573877131E-003  0.6005671554235781E-006  0.5854923949160351E-002  0.1645132321448733E-001  0.7285550834882083E-002  0.8788535518340954E-002
 0023  0.3855712154937139E-023  0.4119328102470409E-065  0.3125534327026817E+000  0.7499932482344346E-001  0.1290004333976763E-003  0.3689665484000636E+000  0.8313204018501552E-001  0.4679645255380711E-001  0.4639596859020399E-001  0.1905250031227876E-001  0.5869225089746963E-002  0.6387436061742663E-002  0.8153144103889542E-004  0.4862147946374799E-003  0.5472725536436628E-006  0.5335355342214654E-002  0.1499613766094223E-001  0.6716261298505825E-002  0.8102023037725862E-002
 0024  0.3523240406209445E-023  0.4104232716506974E-065  0.3437691941981376E+000  0.7595449427379869E-001  0.1593727299439942E-003  0.3513806894663056E+000  0.8012251758390625E-001  0.4431133722171586E-001  0.4285556101687511E-001  0.1744048848836893E-001  0.5368259731833711E-002  0.5840533086228125E-002  0.7450113979635309E-004  0.4442892741308059E-003  0.5000821202284260E-006  0.4875296219304139E-002  0.1370762431142857E-001  0.6212185670141950E-002  0.7483155505964262E-002
 0025  0.3196766404628678E-023  0.4057528477372558E-065  0.3768663575990695E+000  0.7654557909194187E-001  0.2074034950348761E-003  0.3325422660516193E+000  0.7684092691821881E-001  0.4171411539051981E-001  0.3932739270685966E-001  0.1585687983370119E-001  0.4876312829352074E-002  0.5303493079948112E-002  0.6759766152674428E-004  0.4031200858510535E-003  0.4537429976064569E-006  0.4423536517876289E-002  0.1244235617223063E-001  0.5717212626215618E-002  0.6864996197036910E-002
 0026  0.2905177068096444E-023  0.2615924259163560E-063  0.4087221114504757E+000  0.7670149640867568E-001  0.2769176179974226E-003  0.3142758845542163E+000  0.7359939894532123E-001  0.3925255101996063E-001  0.3612975913886562E-001  0.1444187644703619E-001  0.4436914849655435E-002  0.4823834539727634E-002  0.6143183686054484E-004  0.3663499423138009E-003  0.4123553419543840E-006  0.4020048624660842E-002  0.1131228602451494E-001  0.5275136960961122E-002  0.6303589283414935E-002
 0027  0.2769220456264820E-023  0.1661917302992179E-047  0.4404713460997392E+000  0.7644836809015260E-001  0.3766334875357532E-003  0.2959860130327346E+000  0.7029073440631325E-001  0.3683801641235576E-001  0.3311866871602750E-001  0.1312748066362942E-001  0.4028913330865126E-002  0.4378463485268251E-002  0.5570679440753710E-004  0.3322084356164130E-003  0.3739264215057731E-006  0.3645405415083791E-002  0.1026300316922128E-001  0.4864671807122845E-002  0.5773992727505123E-002
 0028  0.2670016330279910E-018  0.1290024642098563E-037  0.4715280386349764E+000  0.7579341441721421E-001  0.5110113427357403E-003  0.2780515785050819E+000  0.6697933101705665E-001  0.3451551167627187E-001  0.3033175044391670E-001  0.1192726112651542E-001  0.3656494871046571E-002  0.3971947677037914E-002  0.5048124576130427E-004  0.3010456922470092E-003  0.3388503308387706E-006  0.3303448913743033E-002  0.9305268090636596E-002  0.4490025316508326E-002  0.5283052178919467E-002
 0029  0.2827810875213408E-010  0.1216003502845764E-019  0.5016825915584998E+000  0.7478477598971772E-001  0.6802938357316834E-003  0.2606293673544676E+000  0.6369734912094345E-001  0.3229691379226915E-001  0.2775805065686810E-001  0.1083252704167275E-001  0.3316927539780679E-002  0.3601301826557008E-002  0.4571680978489905E-004  0.2726328216866511E-003  0.3068694358662325E-006  0.2991667448174844E-002  0.8432046116766321E-002  0.4148444030972964E-002  0.4829087158392377E-002
 0030  0.3873062816033012E-006  0.3164935643428782E-014  0.5308910747183715E+000  0.7345328118255380E-001  0.8857132322660819E-003  0.2437721970796609E+000  0.6045603873068831E-001  0.3018286148096354E-001  0.2537986182259700E-001  0.9832743341910933E-002  0.3006916599428355E-002  0.3262927175367984E-002  0.4136722133304481E-004  0.2466939177279442E-003  0.2776731826910289E-006  0.2707033431150436E-002  0.7634857654298235E-002  0.3836609709708863E-002  0.4409157722505788E-002
 0031  0.1111247100868279E-004  0.1930335028330458E-012  0.5590604702844819E+000  0.7183287821527522E-001  0.1126427058807278E-002  0.2275455328002717E+000  0.5727063010939494E-001  0.2817657094493119E-001  0.2318642565239114E-001  0.8920989065044157E-002  0.2724294311954336E-002  0.2954455654995255E-002  0.3740203621858426E-004  0.2230474235152034E-003  0.2510572149491644E-006  0.2447554594263351E-002  0.6908122797008470E-002  0.3552338677134520E-002  0.4021496845895788E-002
 0032  0.8637226324169359E-004  0.4600577675745557E-011  0.5861391758146901E+000  0.6994622027918398E-001  0.1402365057992752E-002  0.2119615533476410E+000  0.5414525779201659E-001  0.2627571429929129E-001  0.2116415881498703E-001  0.8089727413115519E-002  0.2466707168249099E-002  0.2673316905857536E-002  0.3378821093461105E-004  0.2014962815500884E-003  0.2267997290997709E-006  0.2211068576732294E-002  0.6245785267600432E-002  0.3293261156556082E-002  0.3663804546030164E-002
 0033  0.3266129644750876E-003  0.4590310998918266E-010  0.6124378935504740E+000  0.6779475126384280E-001  0.1715873700747080E-002  0.1967926640904532E+000  0.5103806085715331E-001  0.2444859484529053E-001  0.1926875927873858E-001  0.7318898236982263E-002  0.2227921995672079E-002  0.2412706270091104E-002  0.3043827348091675E-004  0.1815188486757178E-003  0.2043135752076295E-006  0.1991851258970638E-002  0.5631813206403504E-002  0.3053105411759592E-002  0.3328331587311395E-002
 0034  0.8177109460424701E-003  0.1720572938636001E-009  0.6380316453804973E+000  0.6538891145705600E-001  0.2067030591005079E-002  0.1819514910761669E+000  0.4793440592219182E-001  0.2268183570561670E-001  0.1747884051736443E-001  0.6598461670277219E-002  0.2004816198103462E-002  0.2169214583449239E-002  0.2730839942103662E-004  0.1628537756432868E-003  0.1833045843702113E-006  0.1787034790918728E-002  0.5058174458146325E-002  0.2828729094134142E-002  0.3011351957324386E-002
 0035  0.1558618279980436E-002  0.4005524276351610E-009  0.6611175622632283E+000  0.6293790487108408E-001  0.2426296240708050E-002  0.1684609723099721E+000  0.4505635831052188E-001  0.2109336933410609E-001  0.1590482123979498E-001  0.5971219745946900E-002  0.1810629435701743E-002  0.1957289828268343E-002  0.2458430205977240E-004  0.1466085664082279E-003  0.1650193383890528E-006  0.1608772087664437E-002  0.4558906199265002E-002  0.2633445015557622E-002  0.2732476549841178E-002
 0036  0.2588563421654983E-002  0.7539199667661139E-009  0.6823208664479811E+000  0.6040481504077744E-001  0.2799747234623355E-002  0.1559418712450018E+000  0.4232910181111505E-001  0.1963577753306902E-001  0.1449320610612192E-001  0.5414650965885353E-002  0.1638377965061149E-002  0.1769309272963100E-002  0.2216799602255887E-004  0.1321988821602656E-003  0.1488001185002667E-006  0.1450651054727207E-002  0.4116049760846561E-002  0.2460228307364213E-002  0.2482267400586552E-002
 0037  0.3822044003590179E-002  0.1201941448331037E-008  0.7015187969784628E+000  0.5789228979707411E-001  0.3172124941387854E-002  0.1444923493356472E+000  0.3979162058298399E-001  0.1831482493324537E-001  0.1323767087158361E-001  0.4924034162316055E-002  0.1486579530536864E-002  0.1603653332290010E-002  0.2003865906471920E-004  0.1195005470826565E-003  0.1345071551620075E-006  0.1311309080065224E-002  0.3725788758541959E-002  0.2307585324845598E-002  0.2259653452185447E-002
 0038  0.5352443225133465E-002  0.1781427805352312E-008  0.7202828444877863E+000  0.5521802390354080E-001  0.3570649942114461E-002  0.1331753550599629E+000  0.3724099144868329E-001  0.1702063644720693E-001  0.1202981426875240E-001  0.4456249956902630E-002  0.1341885570041343E-002  0.1445754187687533E-002  0.1800903543909199E-004  0.1073968578405451E-003  0.1208835119527269E-006  0.1178492301490642E-002  0.3353803258633617E-002  0.2162092174117902E-002  0.2045435209726306E-002
 0039  0.7046189008649876E-002  0.2442666355814707E-008  0.7372208253090398E+000  0.5260457005217405E-001  0.3962189731408725E-002  0.1228367073557653E+000  0.3487263765435394E-001  0.1584836226696781E-001  0.1095503922908122E-001  0.4043713218413760E-002  0.1214316206255142E-002  0.1306545829583435E-002  0.1621966860236697E-004  0.9672594672830309E-004  0.1088725719261155E-006  0.1061397752148587E-002  0.3025851758612219E-002  0.2033823391006987E-002  0.1854774305970192E-002
 0040  0.8750808146231874E-002  0.3120112483126408E-008  0.7520424668810882E+000  0.5017766330434448E-001  0.4327181111124907E-002  0.1137018834646247E+000  0.3275357765579986E-001  0.1481947646767547E-001  0.1002502572245296E-001  0.3689339996383804E-002  0.1104757993150933E-002  0.1186994268624072E-002  0.1468297261575225E-004  0.8756184371613752E-004  0.9855766156446382E-007  0.9608377811866441E-003  0.2744209397098161E-002  0.1923668175969723E-002  0.1689763140138341E-002
 0041  0.1050093196155515E-001  0.3824235065013976E-008  0.7656632260602005E+000  0.4783190647308266E-001  0.4681057105181552E-002  0.1052345942281806E+000  0.3076774092591214E-001  0.1387140449933552E-001  0.9178993191035626E-002  0.3369134059843994E-002  0.1005784087711118E-002  0.1078994454025070E-002  0.1329476492911017E-004  0.7928325427572345E-004  0.8923946557409191E-007  0.8699947699188536E-003  0.2489781772866167E-002  0.1824158026338670E-002  0.1539627301906830E-002
 0042  0.1250995628892454E-001  0.4639622707442175E-008  0.7799792175199257E+000  0.4525976798775422E-001  0.5070040788882513E-002  0.9626808046023699E-001  0.2864501789181003E-001  0.1287258712678241E-001  0.8297746472489924E-002  0.3037622007733417E-002  0.9033353712555702E-003  0.9672048144855204E-003  0.1185784741953144E-004  0.7071418523329307E-004  0.7959431221553563E-007  0.7759642541262625E-003  0.2226426831702902E-002  0.1721157134375130E-002  0.1383218782927057E-002
 0043  0.1425639087297060E-001  0.5353049460018840E-008  0.7915665995533969E+000  0.4310219714698960E-001  0.5396979944759425E-002  0.8896300351019697E-001  0.2690167447492237E-001  0.1206247278074080E-001  0.7590119130539906E-002  0.2772870610240507E-002  0.8215323093242051E-003  0.8779445775702316E-003  0.1071052025770386E-004  0.6387209189654113E-004  0.7189300427127147E-007  0.7008842702881091E-003  0.2016147424622509E-002  0.1638915258527387E-002  0.1257608276702554E-002
 0044  0.1606999197251677E-001  0.6097767203900070E-008  0.8028836463226575E+000  0.4092709339427127E-001  0.5727138713012535E-002  0.8178569460211794E-001  0.2517639614251597E-001  0.1126976060155496E-001  0.6904072200157168E-002  0.2517501894876974E-002  0.7426413103556893E-003  0.7918630930230738E-003  0.9604054427312026E-005  0.5727367661915993E-004  0.6446597492970929E-007  0.6284782261504488E-003  0.1813357058591503E-002  0.1559602963227965E-002  0.1135813210181486E-002
 0045  0.1780410127519300E-001  0.6812462810450181E-008  0.8132179076266420E+000  0.3889181888024326E-001  0.6036466962737732E-002  0.7520083446454744E-001  0.2358460126875505E-001  0.1054480570037810E-001  0.6281268212610993E-002  0.2286627145074557E-002  0.6713267383938253E-003  0.7140494827022891E-003  0.8603863226589177E-005  0.5130903160209445E-004  0.5775230328682105E-007  0.5630266999823066E-003  0.1630044501567129E-002  0.1487908943134534E-002  0.1025234638442943E-002
 0046  0.1923218727798260E-001  0.7401520994032893E-008  0.8216379624554017E+000  0.3722398656441011E-001  0.6290024918020711E-002  0.6982967959558774E-001  0.2228447210274510E-001  0.9953922808489122E-002  0.5774539278541442E-002  0.2098968249144911E-002  0.6133629200310721E-003  0.6508034830372929E-003  0.7790919782944438E-005  0.4646103965865332E-004  0.5229551148457459E-007  0.5098284843952834E-003  0.1481050258502859E-002  0.1429636985873327E-002  0.9352629613626667E-003
 0047  0.2055279127668264E-001  0.7946244905048585E-008  0.8294242988906113E+000  0.3568168027392904E-001  0.6524499346727964E-002  0.6486277383239862E-001  0.2108219452835153E-001  0.9407511522146588E-002  0.5305948272620179E-002  0.1925433120397599E-002  0.5597616312009536E-003  0.5923175655951901E-003  0.7039160883062270E-005  0.4197792202171281E-004  0.4724941407864551E-007  0.4606341248884351E-003  0.1343269765738692E-002  0.1375750749595605E-002  0.8520628205519128E-003
 0048  0.2160733060896294E-001  0.8381222226005556E-008  0.8356419069194969E+000  0.3445010544352066E-001  0.6711733754415012E-002  0.6089656027241503E-001  0.2012214216461144E-001  0.8971186784664891E-002  0.4931765211700185E-002  0.1786860452908702E-002  0.5169594987010386E-003  0.5456149201481764E-003  0.6438860316732103E-005  0.3839802684946810E-004  0.4321996377082575E-007  0.4213510490554256E-003  0.1233248177901763E-002  0.1332721078566785E-002  0.7856251745788838E-003
 0049  0.2251546002049524E-001  0.8755808252736654E-008  0.8409962759293287E+000  0.3338951975291555E-001  0.6872972948882761E-002  0.5748100707683080E-001  0.1929538135879284E-001  0.8595440413754840E-002  0.4609532903699079E-002  0.1667526909693169E-002  0.4800999201062564E-003  0.5053963672421532E-003  0.5921904160279317E-005  0.3531515644662785E-004  0.3974995347834450E-007  0.3875219490423718E-003  0.1138501745256005E-002  0.1295665552391831E-002  0.7284115851998958E-003
 0050  0.2330663905624226E-001  0.9082154484529065E-008  0.8456611006299014E+000  0.3246551800452577E-001  0.7013447498857287E-002  0.5450531435120331E-001  0.1857509214798829E-001  0.8268083268785325E-002  0.4328798193983330E-002  0.1563561333361669E-002  0.4479871777147778E-003  0.4703572246890695E-003  0.5471522454553381E-005  0.3262930308511554E-004  0.3672681672891884E-007  0.3580494152948335E-003  0.1055956911591100E-002  0.1263382096866774E-002  0.6785660544840518E-003
 0051  0.2383624544386640E-001  0.9300606997961915E-008  0.8487836820519907E+000  0.3184700158028674E-001  0.7107479589703682E-002  0.5251341895977514E-001  0.1809293861542069E-001  0.8048954061390978E-002  0.4140877522712141E-002  0.1493967940677544E-002  0.4264912675272716E-003  0.4469024150005583E-003  0.5170041983706095E-005  0.3083142291866798E-004  0.3470316283919535E-007  0.3383208312109203E-003  0.1000702324197956E-002  0.1241771913219141E-002  0.6452000143478882E-003
 0052  0.2388720654805312E-001  0.9321627479506413E-008  0.8490841508546739E+000  0.3178748515323181E-001  0.7116527779624526E-002  0.5232174984296745E-001  0.1804654363797828E-001  0.8027868465315606E-002  0.4122794952087469E-002  0.1487271352006864E-002  0.4244228345471327E-003  0.4446454879163172E-003  0.5141032179360578E-005  0.3065842281780326E-004  0.3450843777710781E-007  0.3364224582825514E-003  0.9953854797437782E-003  0.1239692484333659E-002  0.6419893841753457E-003
 0053  0.2388720654805312E-001  0.9321627479506413E-008  0.8490841508546738E+000  0.3178748515323181E-001  0.7116527779624526E-002  0.5232174984296745E-001  0.1804654363797828E-001  0.8027868465315606E-002  0.4122794952087469E-002  0.1487271352006864E-002  0.4244228345471328E-003  0.4446454879163172E-003  0.5141032179360578E-005  0.3065842281780327E-004  0.3450843777710781E-007  0.3364224582825514E-003  0.9953854797437782E-003  0.1239692484333659E-002  0.6419893841753454E-003
 0054  0.2388720654805312E-001  0.9321627479506414E-008  0.8490841508546738E+000  0.3178748515323181E-001  0.7116527779624526E-002  0.5232174984296745E-001  0.1804654363797828E-001  0.8027868465315606E-002  0.4122794952087469E-002  0.1487271352006864E-002  0.4244228345471328E-003  0.4446454879163172E-003  0.5141032179360578E-005  0.3065842281780325E-004  0.3450843777710781E-007  0.3364224582825514E-003  0.9953854797437784E-003  0.1239692484333659E-002  0.6419893841753455E-003
 0055  0.2388720654805312E-001  0.9321627479506411E-008  0.8490841508546738E+000  0.3178748515323181E-001  0.7116527779624526E-002  0.5232174984296745E-001  0.1804654363797828E-001  0.8027868465315606E-002  0.4122794952087469E-002  0.1487271352006864E-002  0.4244228345471328E-003  0.4446454879163172E-003  0.5141032179360578E-005  0.3065842281780326E-004  0.3450843777710781E-007  0.3364224582825514E-003  0.9953854797437782E-003  0.1239692484333659E-002  0.6419893841753454E-003
 0056  0.2388720654805312E-001  0.9321627479506413E-008  0.8490841508546737E+000  0.3178748515323181E-001  0.7116527779624527E-002  0.5232174984296745E-001  0.1804654363797828E-001  0.8027868465315606E-002  0.4122794952087470E-002  0.1487271352006864E-002  0.4244228345471328E-003  0.4446454879163172E-003  0.5141032179360578E-005  0.3065842281780325E-004  0.3450843777710781E-007  0.3364224582825514E-003  0.9953854797437782E-003  0.1239692484333659E-002  0.6419893841753454E-003
 0057  0.2388720654805311E-001  0.9321627479506413E-008  0.8490841508546737E+000  0.3178748515323182E-001  0.7116527779624526E-002  0.5232174984296745E-001  0.1804654363797827E-001  0.8027868465315606E-002  0.4122794952087468E-002  0.1487271352006864E-002  0.4244228345471328E-003  0.4446454879163172E-003  0.5141032179360577E-005  0.3065842281780325E-004  0.3450843777710781E-007  0.3364224582825514E-003  0.9953854797437782E-003  0.1239692484333659E-002  0.6419893841753455E-003
 0058  0.2388720654805312E-001  0.9321627479506413E-008  0.8490841508546737E+000  0.3178748515323181E-001  0.7116527779624527E-002  0.5232174984296747E-001  0.1804654363797827E-001  0.8027868465315606E-002  0.4122794952087468E-002  0.1487271352006864E-002  0.4244228345471328E-003  0.4446454879163172E-003  0.5141032179360577E-005  0.3065842281780326E-004  0.3450843777710780E-007  0.3364224582825514E-003  0.9953854797437784E-003  0.1239692484333659E-002  0.6419893841753457E-003
 0059  0.2388720654805312E-001  0.9321627479506413E-008  0.8490841508546738E+000  0.3178748515323181E-001  0.7116527779624526E-002  0.5232174984296746E-001  0.1804654363797827E-001  0.8027868465315606E-002  0.4122794952087469E-002  0.1487271352006864E-002  0.4244228345471328E-003  0.4446454879163172E-003  0.5141032179360578E-005  0.3065842281780327E-004  0.3450843777710781E-007  0.3364224582825514E-003  0.9953854797437780E-003  0.1239692484333659E-002  0.6419893841753454E-003
 0060  0.2388720654805312E-001  0.9321627479506413E-008  0.8490841508546737E+000  0.3178748515323181E-001  0.7116527779624527E-002  0.5232174984296745E-001  0.1804654363797828E-001  0.8027868465315606E-002  0.4122794952087469E-002  0.1487271352006864E-002  0.4244228345471328E-003  0.4446454879163171E-003  0.5141032179360579E-005  0.3065842281780326E-004  0.3450843777710781E-007  0.3364224582825515E-003  0.9953854797437782E-003  0.1239692484333659E-002  0.6419893841753455E-003
 0061  0.2388720654805312E-001  0.9321627479506413E-008  0.8490841508546737E+000  0.3178748515323181E-001  0.7116527779624526E-002  0.5232174984296745E-001  0.1804654363797827E-001  0.8027868465315606E-002  0.4122794952087468E-002  0.1487271352006864E-002  0.4244228345471327E-003  0.4446454879163172E-003  0.5141032179360577E-005  0.3065842281780326E-004  0.3450843777710781E-007  0.3364224582825514E-003  0.9953854797437782E-003  0.1239692484333659E-002  0.6419893841753455E-003
 0062  0.2388720654805312E-001  0.9321627479506411E-008  0.8490841508546738E+000  0.3178748515323182E-001  0.7116527779624526E-002  0.5232174984296745E-001  0.1804654363797828E-001  0.8027868465315606E-002  0.4122794952087468E-002  0.1487271352006864E-002  0.4244228345471328E-003  0.4446454879163172E-003  0.5141032179360579E-005  0.3065842281780326E-004  0.3450843777710780E-007  0.3364224582825514E-003  0.9953854797437782E-003  0.1239692484333659E-002  0.6419893841753455E-003
 0063  0.2388720654805311E-001  0.9321627479506413E-008  0.8490841508546738E+000  0.3178748515323181E-001  0.7116527779624527E-002  0.5232174984296746E-001  0.1804654363797828E-001  0.8027868465315606E-002  0.4122794952087469E-002  0.1487271352006864E-002  0.4244228345471327E-003  0.4446454879163172E-003  0.5141032179360578E-005  0.3065842281780326E-004  0.3450843777710781E-007  0.3364224582825514E-003  0.9953854797437782E-003  0.1239692484333659E-002  0.6419893841753457E-003
 0064  0.2388720654805311E-001  0.9321627479506413E-008  0.8490841508546738E+000  0.3178748515323181E-001  0.7116527779624526E-002  0.5232174984296745E-001  0.1804654363797827E-001  0.8027868465315604E-002  0.4122794952087469E-002  0.1487271352006864E-002  0.4244228345471328E-003  0.4446454879163171E-003  0.5141032179360578E-005  0.3065842281780326E-004  0.3450843777710781E-007  0.3364224582825514E-003  0.9953854797437782E-003  0.1239692484333659E-002  0.6419893841753455E-003
 0065  0.2388720654805312E-001  0.9321627479506413E-008  0.8490841508546738E+000  0.3178748515323181E-001  0.7116527779624526E-002  0.5232174984296745E-001  0.1804654363797828E-001  0.8027868465315606E-002  0.4122794952087469E-002  0.1487271352006864E-002  0.4244228345471327E-003  0.4446454879163172E-003  0.5141032179360578E-005  0.3065842281780325E-004  0.3450843777710781E-007  0.3364224582825514E-003  0.9953854797437782E-003  0.1239692484333659E-002  0.6419893841753455E-003
 0066  0.2388720654805312E-001  0.9321627479506413E-008  0.8490841508546739E+000  0.3178748515323181E-001  0.7116527779624526E-002  0.5232174984296745E-001  0.1804654363797828E-001  0.8027868465315606E-002  0.4122794952087469E-002  0.1487271352006864E-002  0.4244228345471328E-003  0.4446454879163172E-003  0.5141032179360578E-005  0.3065842281780326E-004  0.3450843777710781E-007  0.3364224582825515E-003  0.9953854797437784E-003  0.1239692484333659E-002  0.6419893841753454E-003
 0067  0.2388720654805311E-001  0.9321627479506413E-008  0.8490841508546738E+000  0.3178748515323181E-001  0.7116527779624527E-002  0.5232174984296745E-001  0.1804654363797828E-001  0.8027868465315606E-002  0.4122794952087469E-002  0.1487271352006864E-002  0.4244228345471327E-003  0.4446454879163172E-003  0.5141032179360577E-005  0.3065842281780326E-004  0.3450843777710781E-007  0.3364224582825514E-003  0.9953854797437782E-003  0.1239692484333659E-002  0.6419893841753455E-003
 0068  0.2388720654805312E-001  0.9321627479506414E-008  0.8490841508546738E+000  0.3178748515323182E-001  0.7116527779624526E-002  0.5232174984296746E-001  0.1804654363797828E-001  0.8027868465315606E-002  0.4122794952087469E-002  0.1487271352006864E-002  0.4244228345471328E-003  0.4446454879163171E-003  0.5141032179360578E-005  0.3065842281780326E-004  0.3450843777710781E-007  0.3364224582825515E-003  0.9953854797437782E-003  0.1239692484333659E-002  0.6419893841753454E-003
 0069  0.2388720654805312E-001  0.9321627479506411E-008  0.8490841508546738E+000  0.3178748515323181E-001  0.7116527779624527E-002  0.5232174984296745E-001  0.1804654363797828E-001  0.8027868465315606E-002  0.4122794952087469E-002  0.1487271352006864E-002  0.4244228345471327E-003  0.4446454879163172E-003  0.5141032179360579E-005  0.3065842281780326E-004  0.3450843777710781E-007  0.3364224582825514E-003  0.9953854797437782E-003  0.1239692484333659E-002  0.6419893841753457E-003
 0070  0.2388720654805312E-001  0.9321627479506413E-008  0.8490841508546738E+000  0.3178748515323181E-001  0.7116527779624526E-002  0.5232174984296745E-001  0.1804654363797828E-001  0.8027868465315606E-002  0.4122794952087469E-002  0.1487271352006865E-002  0.4244228345471328E-003  0.4446454879163171E-003  0.5141032179360578E-005  0.3065842281780326E-004  0.3450843777710781E-007  0.3364224582825514E-003  0.9953854797437782E-003  0.1239692484333659E-002  0.6419893841753454E-003
 0071  0.2388720654805312E-001  0.9321627479506413E-008  0.8490841508546738E+000  0.3178748515323182E-001  0.7116527779624526E-002  0.5232174984296745E-001  0.1804654363797828E-001  0.8027868465315606E-002  0.4122794952087469E-002  0.1487271352006864E-002  0.4244228345471328E-003  0.4446454879163171E-003  0.5141032179360578E-005  0.3065842281780327E-004  0.3450843777710780E-007  0.3364224582825514E-003  0.9953854797437782E-003  0.1239692484333659E-002  0.6419893841753455E-003
 0072  0.2388720654805311E-001  0.9321627479506413E-008  0.8490841508546737E+000  0.3178748515323181E-001  0.7116527779624526E-002  0.5232174984296745E-001  0.1804654363797828E-001  0.8027868465315608E-002  0.4122794952087469E-002  0.1487271352006864E-002  0.4244228345471328E-003  0.4446454879163172E-003  0.5141032179360579E-005  0.3065842281780326E-004  0.3450843777710781E-007  0.3364224582825514E-003  0.9953854797437782E-003  0.1239692484333659E-002  0.6419893841753455E-003
 0073  0.2388720654805312E-001  0.9321627479506413E-008  0.8490841508546738E+000  0.3178748515323181E-001  0.7116527779624526E-002  0.5232174984296746E-001  0.1804654363797828E-001  0.8027868465315608E-002  0.4122794952087469E-002  0.1487271352006864E-002  0.4244228345471327E-003  0.4446454879163172E-003  0.5141032179360578E-005  0.3065842281780326E-004  0.3450843777710781E-007  0.3364224582825514E-003  0.9953854797437782E-003  0.1239692484333659E-002  0.6419893841753455E-003
 0074  0.2388720654805312E-001  0.9321627479506413E-008  0.8490841508546738E+000  0.3178748515323181E-001  0.7116527779624526E-002  0.5232174984296745E-001  0.1804654363797828E-001  0.8027868465315606E-002  0.4122794952087469E-002  0.1487271352006864E-002  0.4244228345471328E-003  0.4446454879163172E-003  0.5141032179360577E-005  0.3065842281780326E-004  0.3450843777710781E-007  0.3364224582825514E-003  0.9953854797437782E-003  0.1239692484333659E-002  0.6419893841753455E-003
 0075  0.2388720654805312E-001  0.9321627479506413E-008  0.8490841508546737E+000  0.3178748515323181E-001  0.7116527779624526E-002  0.5232174984296746E-001  0.1804654363797828E-001  0.8027868465315606E-002  0.4122794952087469E-002  0.1487271352006864E-002  0.4244228345471328E-003  0.4446454879163172E-003  0.5141032179360578E-005  0.3065842281780326E-004  0.3450843777710781E-007  0.3364224582825514E-003  0.9953854797437782E-003  0.1239692484333659E-002  0.6419893841753455E-003
 0076  0.2388720654805312E-001  0.9321627479506411E-008  0.8490841508546737E+000  0.3178748515323181E-001  0.7116527779624527E-002  0.5232174984296746E-001  0.1804654363797828E-001  0.8027868465315606E-002  0.4122794952087469E-002  0.1487271352006864E-002  0.4244228345471328E-003  0.4446454879163172E-003  0.5141032179360578E-005  0.3065842281780326E-004  0.3450843777710781E-007  0.3364224582825514E-003  0.9953854797437782E-003  0.1239692484333659E-002  0.6419893841753455E-003
 0077  0.2388720654805312E-001  0.9321627479506413E-008  0.8490841508546739E+000  0.3178748515323181E-001  0.7116527779624526E-002  0.5232174984296746E-001  0.1804654363797828E-001  0.8027868465315606E-002  0.4122794952087469E-002  0.1487271352006865E-002  0.4244228345471328E-003  0.4446454879163172E-003  0.5141032179360578E-005  0.3065842281780326E-004  0.3450843777710781E-007  0.3364224582825514E-003  0.9953854797437780E-003  0.1239692484333659E-002  0.6419893841753455E-003
 0078  0.2388720654805312E-001  0.9321627479506413E-008  0.8490841508546738E+000  0.3178748515323181E-001  0.7116527779624526E-002  0.5232174984296745E-001  0.1804654363797828E-001  0.8027868465315606E-002  0.4122794952087469E-002  0.1487271352006864E-002  0.4244228345471328E-003  0.4446454879163172E-003  0.5141032179360578E-005  0.3065842281780327E-004  0.3450843777710781E-007  0.3364224582825514E-003  0.9953854797437782E-003  0.1239692484333659E-002  0.6419893841753455E-003
 0079  0.2388720654805312E-001  0.9321627479506413E-008  0.8490841508546737E+000  0.3178748515323181E-001  0.7116527779624526E-002  0.5232174984296745E-001  0.1804654363797828E-001  0.8027868465315606E-002  0.4122794952087469E-002  0.1487271352006864E-002  0.4244228345471328E-003  0.4446454879163172E-003  0.5141032179360578E-005  0.3065842281780326E-004  0.3450843777710781E-007  0.3364224582825515E-003  0.9953854797437782E-003  0.1239692484333659E-002  0.6419893841753455E-003
 0080  0.2388720654805312E-001  0.9321627479506413E-008  0.8490841508546739E+000  0.3178748515323181E-001  0.7116527779624526E-002  0.5232174984296745E-001  0.1804654363797828E-001  0.8027868465315606E-002  0.4122794952087469E-002  0.1487271352006864E-002  0.4244228345471327E-003  0.4446454879163172E-003  0.5141032179360578E-005  0.3065842281780326E-004  0.3450843777710781E-007  0.3364224582825514E-003  0.9953854797437782E-003  0.1239692484333659E-002  0.6419893841753457E-003
 0081  0.2388720654805312E-001  0.9321627479506413E-008  0.8490841508546738E+000  0.3178748515323181E-001  0.7116527779624526E-002  0.5232174984296746E-001  0.1804654363797828E-001  0.8027868465315606E-002  0.4122794952087469E-002  0.1487271352006864E-002  0.4244228345471329E-003  0.4446454879163172E-003  0.5141032179360578E-005  0.3065842281780326E-004  0.3450843777710781E-007  0.3364224582825514E-003  0.9953854797437780E-003  0.1239692484333659E-002  0.6419893841753457E-003
 0082  0.2388720654805312E-001  0.9321627479506414E-008  0.8490841508546738E+000  0.3178748515323181E-001  0.7116527779624526E-002  0.5232174984296745E-001  0.1804654363797828E-001  0.8027868465315606E-002  0.4122794952087469E-002  0.1487271352006864E-002  0.4244228345471328E-003  0.4446454879163171E-003  0.5141032179360577E-005  0.3065842281780326E-004  0.3450843777710781E-007  0.3364224582825514E-003  0.9953854797437782E-003  0.1239692484333659E-002  0.6419893841753457E-003
 0083  0.2388720654805312E-001  0.9321627479506413E-008  0.8490841508546739E+000  0.3178748515323181E-001  0.7116527779624527E-002  0.5232174984296745E-001  0.1804654363797828E-001  0.8027868465315606E-002  0.4122794952087468E-002  0.1487271352006864E-002  0.4244228345471327E-003  0.4446454879163172E-003  0.5141032179360577E-005  0.3065842281780327E-004  0.3450843777710781E-007  0.3364224582825514E-003  0.9953854797437782E-003  0.1239692484333659E-002  0.6419893841753454E-003
